144 0.11603780292459581 0.15864391980758735 0.1715584690522239 0.15864391980758735 0.1715584690522239 0.21491220652800425 0.11603780292459581 0.21491220652800425
207 0.09978936525939544 0.23899925620932805 0.17878178514577175 0.23899925620932805 0.17878178514577175 0.2693906164835777 0.09978936525939544 0.2693906164835777
207 0.10032309782619528 0.2797513074861629 0.18145044797977095 0.2797513074861629 0.18145044797977095 0.3011634022248388 0.10032309782619528 0.3011634022248388
146 0.10032309782619528 0.3163590823619637 0.1915913667489679 0.3163590823619637 0.1915913667489679 0.37230681377592345 0.10032309782619528 0.37230681377592345
12 0.12478584047118792 0.3975854379963401 0.1664000367905659 0.3975854379963401 0.1664000367905659 0.4424634928505712 0.12478584047118792 0.4424634928505712
13 0.12131799077790639 0.4663984554394946 0.16697801173944615 0.4663984554394946 0.16697801173944615 0.5180082185218603 0.12131799077790639 0.5180082185218603
14 0.12478584047118792 0.5441870838534953 0.16813396163720667 0.5441870838534953 0.16813396163720667 0.5913090414504379 0.12478584047118792 0.5913090414504379
15 0.12536381542006816 0.6212277446865921 0.16524408689280543 0.6212277446865921 0.16524408689280543 0.6713415726071502 0.12536381542006816 0.6713415726071502
16 0.12189596572678668 0.6960245027769774 0.1658220618416857 0.6960245027769774 0.1658220618416857 0.7423984927930162 0.12189596572678668 0.7423984927930162
11 0.5235885551985604 0.22330899164574236 0.5773402254444236 0.22330899164574236 0.5773402254444236 0.28613826844166595 0.5235885551985604 0.28613826844166595
113 0.5417031894123274 0.3206016575391135 0.5659551060054754 0.3206016575391135 0.5659551060054754 0.36405758048430165 0.5417031894123274 0.36405758048430165
306 0.5352286372219229 0.4018635628305205 0.5725163576018464 0.4018635628305205 0.5725163576018464 0.4446811108392809 0.5352286372219229 0.4446811108392809
281 0.5432878680395625 0.49425314173008184 0.5621683830363172 0.49425314173008184 0.5621683830363172 0.5134509763066141 0.5432878680395625 0.5134509763066141
255 0.509488374674836 0.5605729339035568 0.562589823103209 0.5605729339035568 0.562589823103209 0.5991867602677181 0.509488374674836 0.5991867602677181
281 0.5432878680395626 0.6521989625642788 0.5641912953573983 0.6521989625642788 0.5641912953573983 0.670524168296423 0.5432878680395626 0.670524168296423
