133 0.05450623168387278 0.049031770847169504 0.08518173332013321 0.049031770847169504 0.08518173332013321 0.0588381250166034 0.05450623168387278 0.0588381250166034
67 0.05530299796013929 0.06041428260361037 0.08398658390573344 0.06041428260361037 0.08398658390573344 0.07022063677304427 0.05530299796013929 0.07022063677304427
300 0.05490461482200603 0.07267222531540274 0.08318981762946692 0.07267222531540274 0.08318981762946692 0.08063988807806777 0.05490461482200603 0.08063988807806777
79 0.055375431257981715 0.08358267482076855 0.08400859794723459 0.08358267482076855 0.08400859794723459 0.09152630240164575 0.055375431257981715 0.09152630240164575
78 0.05400347682300057 0.09442502965922897 0.08449446416370453 0.09442502965922897 0.08449446416370453 0.1039016380013281 0.05400347682300057 0.1039016380013281
106 0.05314942747462159 0.10672362559839099 0.08524615965085412 0.10672362559839099 0.08524615965085412 0.12477637818717356 0.05314942747462159 0.12477637818717356
212 0.05782729702952652 0.13210522364227284 0.0774944068663899 0.13210522364227284 0.0774944068663899 0.16094401450882734 0.05782729702952652 0.16094401450882734
211 0.049837533658300764 0.1661444522060749 0.08456227446401271 0.1661444522060749 0.08456227446401271 0.1926194077556987 0.049837533658300764 0.1926194077556987
214 0.051066728023104725 0.19923814664310469 0.08425497587281171 0.19923814664310469 0.08425497587281171 0.2205126644954809 0.051066728023104725 0.2205126644954809
213 0.05014483224950176 0.22996800576320373 0.08579146882881669 0.22996800576320373 0.08579146882881669 0.24273271647462952 0.05014483224950176 0.24273271647462952
293 0.051515075979003566 0.24834342218463895 0.08115782919597209 0.24834342218463895 0.08115782919597209 0.29040558134239863 0.051515075979003566 0.29040558134239863
294 0.05295404458176903 0.29439041747313377 0.08432356012205611 0.29439041747313377 0.08432356012205611 0.33645257663089345 0.05295404458176903 0.33645257663089345
39 0.051802869699556664 0.33910913405138354 0.0846113538426092 0.33910913405138354 0.0846113538426092 0.4077368674140441 0.051802869699556664 0.4077368674140441
40 0.051515075979003566 0.4179203375259227 0.0848991475631623 0.4179203375259227 0.0848991475631623 0.4878763495988282 0.051515075979003566 0.4878763495988282
287 0.0538174257434283 0.49230394529964516 0.08633811616592776 0.49230394529964516 0.08633811616592776 0.5613744382323873 0.0538174257434283 0.5613744382323873
289 0.05295404458176903 0.5662447935032858 0.0848991475631623 0.5662447935032858 0.0848991475631623 0.6357580460061096 0.05295404458176903 0.6357580460061096
288 0.05237845714066283 0.640628401277008 0.08230900407818445 0.640628401277008 0.08230900407818445 0.7079278559294235 0.05237845714066283 0.7079278559294235
257 0.0587622657246795 0.7097748083013921 0.07736133148157348 0.7097748083013921 0.07736133148157348 0.72138626518418 0.0587622657246795 0.72138626518418
238 0.054718990560137334 0.7276066885142448 0.08194371000138793 0.7276066885142448 0.08194371000138793 0.7446091789497555 0.054718990560137334 0.7446091789497555
134 0.05148491200764924 0.760147798808825 0.08194487052812863 0.760147798808825 0.08194487052812863 0.7737527430611484 0.05148491200764924 0.7737527430611484
215 0.05114489017381464 0.7851286665997198 0.07941636056430577 0.7851286665997198 0.07941636056430577 0.8064031844520962 0.05114489017381464 0.8064031844520962
74 0.056272379609151414 0.8110563676708257 0.07581054260951409 0.8110563676708257 0.07581054260951409 0.8254506806071711 0.056272379609151414 0.8254506806071711
159 0.058163972980252686 0.8294481237703277 0.07416310482570368 0.8294481237703277 0.07416310482570368 0.8431225954331064 0.058163972980252686 0.8431225954331064
234 0.05469233160300847 0.849359675600803 0.07753228733363783 0.849359675600803 0.07753228733363783 0.8592811043344701 0.05469233160300847 0.8592811043344701
100 0.06160735901433823 0.8652481311137658 0.0698665838790131 0.8652481311137658 0.0698665838790131 0.8762020102446344 0.06160735901433823 0.8762020102446344
127 0.17303881986796546 0.052903489576059864 0.2082265668836738 0.052903489576059864 0.2082265668836738 0.07242758628086653 0.17303881986796546 0.07242758628086653
124 0.17390409233556484 0.0835208230449612 0.20851499103954027 0.0835208230449612 0.20851499103954027 0.10260119027920406 0.17390409233556484 0.10260119027920406
136 0.17303881986796546 0.1119195091610436 0.20938026350713967 0.1119195091610436 0.20938026350713967 0.13454971215979675 0.17303881986796546 0.13454971215979675
125 0.17217354740036606 0.14253684262994495 0.20793814272780733 0.14253684262994495 0.20793814272780733 0.1682731519226446 0.17217354740036606 0.1682731519226446
126 0.17130827493276668 0.17670401186335657 0.21111080844233843 0.17670401186335657 0.21111080844233843 0.22950781886044733 0.17130827493276668 0.22950781886044733
262 0.172750395712099 0.23305765462495756 0.20909183935127318 0.23305765462495756 0.20909183935127318 0.25125056291807285 0.172750395712099 0.25125056291807285
137 0.1718851232444996 0.2982858867978343 0.20909183935127315 0.2982858867978343 0.20909183935127315 0.3155913361498221 0.1718851232444996 0.3155913361498221
226 0.1730655839904128 0.2665231278468163 0.20850305792916737 0.2665231278468163 0.20850305792916737 0.2850525259847272 0.1730655839904128 0.2850525259847272
303 0.17836306348085668 0.3275924332100127 0.19624867636475968 0.3275924332100127 0.19624867636475968 0.347912182758589 0.17836306348085668 0.347912182758589
1 0.179963133480491 0.3576527472729831 0.19489516421739475 0.3576527472729831 0.19489516421739475 0.3776472043850764 0.179963133480491 0.3776472043850764
9 0.17498578990152308 0.38743172595056885 0.2007020650595239 0.38743172595056885 0.2007020650595239 0.4227410863825634 0.17498578990152308 0.4227410863825634
8 0.17424430985338252 0.42843461233361085 0.2169397656486401 0.42843461233361085 0.2169397656486401 0.48782672495529567 0.17424430985338252 0.48782672495529567
60 0.18010361703846153 0.49511905943384366 0.22071522670054528 0.49511905943384366 0.22071522670054528 0.5544215402963387 0.18010361703846153 0.5544215402963387
299 0.1815390874515436 0.5587897380268891 0.20436112949140386 0.5587897380268891 0.20436112949140386 0.6075547851206076 0.1815390874515436 0.6075547851206076
298 0.18204624394131827 0.6110658685113554 0.20512186422606588 0.6110658685113554 0.20512186422606588 0.6695839250238174 0.18204624394131827 0.6695839250238174
260 0.1803773884481682 0.6756154665610228 0.19428029688123885 0.6756154665610228 0.19428029688123885 0.7127833932673403 0.1803773884481682 0.7127833932673403
66 0.16890369983129916 0.7217668924332387 0.2046695866101846 0.7217668924332387 0.2046695866101846 0.7436019881468438 0.16890369983129916 0.7436019881468438
70 0.16904220524952748 0.7527930890467414 0.2086689020389954 0.7527930890467414 0.2086689020389954 0.7714210234349527 0.16904220524952748 0.7714210234349527
254 0.16318314719380328 0.7805133808007149 0.2125886358065762 0.7805133808007149 0.2125886358065762 0.8207978561311297 0.16318314719380328 0.8207978561311297
186 0.1624420648646117 0.8249783205522104 0.21308269069270397 0.8249783205522104 0.21308269069270397 0.8702033447439026 0.1624420648646117 0.8702033447439026
83 0.33073355372616176 0.05922455253796618 0.3430144732094946 0.05922455253796618 0.3430144732094946 0.07194148099703866 0.33073355372616176 0.07194148099703866
209 0.3290790624716816 0.08075892490872276 0.33939167079150073 0.08075892490872276 0.33939167079150073 0.09330377939437037 0.3290790624716816 0.09330377939437037
179 0.32928551390178157 0.1021742987732076 0.34020555627248616 0.1021742987732076 0.34020555627248616 0.13460233157351117 0.32928551390178157 0.13460233157351117
95 0.32801574153309493 0.1412442178097179 0.3404595107462235 0.1412442178097179 0.3404595107462235 0.1967235028415626 0.32801574153309493 0.1967235028415626
202 0.3271682934545921 0.2132171614181254 0.3425327390798523 0.2132171614181254 0.3425327390798523 0.23478129562901698 0.3271682934545921 0.23478129562901698
206 0.32609008674404755 0.23975763429306887 0.34118498069167164 0.23975763429306887 0.34118498069167164 0.2609070736152895 0.32609008674404755 0.2609070736152895
203 0.3252814317111391 0.26837158161136726 0.34118498069167164 0.26837158161136726 0.34118498069167164 0.2932532749316268 0.3252814317111391 0.2932532749316268
204 0.3228554666124138 0.30527942670308555 0.34010677398112704 0.30527942670308555 0.34010677398112704 0.330161120023345 0.3228554666124138 0.330161120023345
205 0.3228554666124138 0.3388697126854359 0.33983722230349095 0.3388697126854359 0.33983722230349095 0.3641661008943664 0.3228554666124138 0.3641661008943664
219 0.32369846936150376 0.37625613747769615 0.34018611497995244 0.37625613747769615 0.34018611497995244 0.39980991693262286 0.32369846936150376 0.39980991693262286
253 0.32316445543523864 0.41155255738020374 0.34190798695527463 0.41155255738020374 0.34190798695527463 0.43755241194771893 0.32316445543523864 0.43755241194771893
117 0.3234741699507898 0.44869292436569574 0.3420591789525112 0.44869292436569574 0.3420591789525112 0.476077119644505 0.3234741699507898 0.476077119644505
81 0.4521414706871003 0.06234494034007106 0.4830912753068158 0.06234494034007106 0.4830912753068158 0.07385191898073454 0.4521414706871003 0.07385191898073454
80 0.4521414706871003 0.0774230502830094 0.48283336026831825 0.0774230502830094 0.48283336026831825 0.08734285945599515 0.4521414706871003 0.08734285945599515
264 0.46101401622589305 0.0919530618845046 0.4701276436627757 0.0919530618845046 0.4701276436627757 0.10553587200678158 0.46101401622589305 0.10553587200678158
283 0.462438020512906 0.1077266478329553 0.47326045309420406 0.1077266478329553 0.47326045309420406 0.12306207861617126 0.462438020512906 0.12306207861617126
282 0.46186841879810087 0.12437654411187549 0.47411485566641187 0.12437654411187549 0.47411485566641187 0.14102644039079565 0.46186841879810087 0.14102644039079565
284 0.46272282137030857 0.14190275072126515 0.4724060505219963 0.14190275072126515 0.4724060505219963 0.15723818150448107 0.46272282137030857 0.15723818150448107
147 0.46247574522618656 0.15918851410315338 0.47119595779600215 0.15918851410315338 0.47119595779600215 0.16838785923175006 0.46247574522618656 0.16838785923175006
96 0.4590733789820641 0.17406898800353945 0.4744644294620541 0.17406898800353945 0.4744644294620541 0.1862782347785315 0.4590733789820641 0.1862782347785315
208 0.45994398783990165 0.18886605327033318 0.48248782928322725 0.18886605327033318 0.48248782928322725 0.2239178525684662 0.45994398783990165 0.2239178525684662
83 0.45802536303621433 0.22797648196088166 0.48224800118276634 0.22797648196088166 0.48224800118276634 0.2633972475674161 0.45802536303621433 0.2633972475674161
83 0.45730587873483164 0.2670869106514301 0.48320731358461 0.2670869106514301 0.48320731358461 0.30140077733276033 0.45730587873483164 0.30140077733276033
111 0.4601757045771778 0.3054917097009113 0.49117235288697475 0.3054917097009113 0.49117235288697475 0.3437115588611812 0.4601757045771778 0.3437115588611812
94 0.45954487092644813 0.3451571526812616 0.48934977657551926 0.3451571526812616 0.48934977657551926 0.3936310651654653 0.45954487092644813 0.3936310651654653
98 0.4561544953366647 0.3957860374571404 0.4927140772451786 0.3957860374571404 0.4927140772451786 0.44691831984667046 0.4561544953366647 0.44691831984667046
145 0.45948144373807165 0.45277194895979955 0.47246639869178536 0.45277194895979955 0.47246639869178536 0.5036221222051115 0.45948144373807165 0.5036221222051115
286 0.46070644610733746 0.5076083181251908 0.48003566447690704 0.5076083181251908 0.48003566447690704 0.5584746822556371 0.46070644610733746 0.5584746822556371
175 0.4618532033817619 0.5644326997752761 0.4824235157544845 0.5644326997752761 0.4824235157544845 0.601939822050326 0.4618532033817619 0.601939822050326
112 0.4608373854868126 0.6078003099058026 0.48216956128074717 0.6078003099058026 0.48216956128074717 0.6578098062725358 0.4608373854868126 0.6578098062725358
188 0.6133621888815248 0.06046541280239434 0.6233302188906151 0.06046541280239434 0.6233302188906151 0.09639413635164312 0.6133621888815248 0.09639413635164312
188 0.6241846214628229 0.055645705984812166 0.6324438463274978 0.055645705984812166 0.6324438463274978 0.10165199833446004 0.6241846214628229 0.10165199833446004
188 0.6338678506145108 0.05082599916723002 0.6404182703347703 0.05082599916723002 0.6404182703347703 0.10778617064774644 0.6338678506145108 0.10778617064774644
188 0.6424118763365883 0.0517023094976995 0.6503863003438605 0.0517023094976995 0.6503863003438605 0.10647170515204221 0.6424118763365883 0.10647170515204221
187 0.6142165914537326 0.12049267043955393 0.6230454180332126 0.12049267043955393 0.6230454180332126 0.15466877332786375 0.6142165914537326 0.15466877332786375
187 0.6244694223202255 0.1161111187872065 0.6318742446126927 0.1161111187872065 0.6318742446126927 0.16080294564115014 0.6244694223202255 0.16080294564115014
187 0.6327286471849004 0.11041510163915486 0.6409878720495754 0.11041510163915486 0.6409878720495754 0.16518449729349757 0.6327286471849004 0.16518449729349757
187 0.6421270754791857 0.11085325680438961 0.6512407029160681 0.11085325680438961 0.6512407029160681 0.1647463421282628 0.6421270754791857 0.1647463421282628
302 0.6237274101690176 0.18123653135350892 0.6312718868764093 0.18123653135350892 0.6312718868764093 0.223311497606271 0.6237274101690176 0.223311497606271
302 0.6319791815677273 0.17144322024295225 0.6409382476577552 0.17144322024295225 0.6409382476577552 0.23237937826419386 0.6319791815677273 0.23237937826419386
302 0.6421170721432852 0.17108050501663535 0.6508403733362069 0.17108050501663535 0.6508403733362069 0.23274209349051078 0.6421170721432852 0.23274209349051078
82 0.6220770558892755 0.24870156344845498 0.6305645921850913 0.24870156344845498 0.6305645921850913 0.28388494040119566 0.6220770558892755 0.28388494040119566
82 0.6312718868764093 0.23854553711158138 0.6416455423490731 0.23854553711158138 0.6416455423490731 0.29694268854860456 0.6312718868764093 0.29694268854860456
82 0.6425886019374971 0.2381828218852645 0.6529622574101608 0.2381828218852645 0.6529622574101608 0.29730540377492143 0.6425886019374971 0.29730540377492143
192 0.6204267016095336 0.316166595543401 0.6312718868764093 0.316166595543401 0.6312718868764093 0.35316354862772625 0.6204267016095336 0.35316354862772625
192 0.6317434166706213 0.3041969930749428 0.6425886019374971 0.3041969930749428 0.6425886019374971 0.3644077206435506 0.6317434166706213 0.3644077206435506
192 0.643295896628815 0.3038342778486259 0.6536695521014788 0.3038342778486259 0.6536695521014788 0.3654958663225013 0.643295896628815 0.3654958663225013
93 0.6268766452759666 0.37632661059701106 0.6512637141667629 0.37632661059701106 0.6512637141667629 0.39315736986024913 0.6268766452759666 0.39315736986024913
278 0.6293837271245533 0.40052082703791586 0.6464774670012795 0.40052082703791586 0.6464774670012795 0.43137721902051923 0.6293837271245533 0.43137721902051923
216 0.6224305158633934 0.436378082650605 0.6374285719684493 0.436378082650605 0.6374285719684493 0.46921406347232525 0.6224305158633934 0.46921406347232525
216 0.6382938444360486 0.4354906237094774 0.6524266280735053 0.4354906237094774 0.6524266280735053 0.469657792942889 0.6382938444360486 0.469657792942889
165 0.6235842124868591 0.475870005530782 0.6342559062539181 0.475870005530782 0.6342559062539181 0.5082622568819385 0.6235842124868591 0.5082622568819385
165 0.6420433584623128 0.4749825465896545 0.6521382039176388 0.4749825465896545 0.6521382039176388 0.5091497158230661 0.6420433584623128 0.5091497158230661
279 0.6195462743047286 0.5131432810581402 0.63656329950085 0.5131432810581402 0.63656329950085 0.5459792618798605 0.6195462743047286 0.5459792618798605
279 0.6374285719684493 0.5113683631758851 0.6521382039176388 0.5113683631758851 0.6521382039176388 0.5455355324092966 0.6374285719684493 0.5455355324092966
307 0.6235842124868591 0.5517477449971897 0.6394475410595145 0.5517477449971897 0.6394475410595145 0.5854711847600376 0.6235842124868591 0.5854711847600376
307 0.6408896618388469 0.5504165565854984 0.6555992937880364 0.5504165565854984 0.6555992937880364 0.5854711847600376 0.6408896618388469 0.5854711847600376
74 0.6300013369543973 0.5939894351511419 0.6426598650954773 0.5939894351511419 0.6426598650954773 0.6227780610238324 0.6300013369543973 0.6227780610238324
225 0.6307512263146913 0.6270347954556622 0.649668298444935 0.6270347954556622 0.649668298444935 0.6628001588900431 0.6307512263146913 0.6628001588900431
132 0.7499515723883955 0.07617807040259807 0.7814040537615716 0.07617807040259807 0.7814040537615716 0.09721651948164571 0.7499515723883955 0.09721651948164571
239 0.7504845740412446 0.10429283772175062 0.7822916720023098 0.10429283772175062 0.7822916720023098 0.12461288726662921 0.7504845740412446 0.12461288726662921
256 0.7574728179341548 0.13298188291602672 0.7706919767721565 0.13298188291602672 0.7706919767721565 0.16033186671878866 0.7574728179341548 0.16033186671878866
97 0.7556494856806375 0.1690978871683918 0.7866461339904341 0.1690978871683918 0.7866461339904341 0.22309657313794742 0.7556494856806375 0.22309657313794742
